265
36
831
770
20
118
856
317
360
790
429
701
959
72
572
916
521
725
269
582
373
732
897
956
904
249
706
220
424
175
140
234
806
650
765
124
616
597
487
454
486
200
82
913
874
977
391
468
354
199
321
546
506
47
359
632
842
442
221
785
374
682
519
708
262
983
962
723
264
832
837
540
318
435
192
609
707
231
294
746
855
344
447
622
157
293
538
686
565
870
784
451
493
639
12
783
648
214
459
198
919
404
593
125
670
575
165
755
850
148
564
529
569
824
281
438
117
749
336
717
677
69
342
380
941
700
610
6
604
936
963
926
902
727
119
930
578
748
942
244
128
950
537
377
974
45
418
751
986
531
541
127
888
403
376
369
428
520
929
483
924
18
227
259
196
393
733
809
245
766
476
724
498
637
103
499
583
146
497
492
592
780
533
585
129
617
852
684
83
683
488
709
903
136
736
10
61
691
34
285
106
206
37
535
183
113
545
599
182
101
511
960
781
925
16
527
408
496
674
971
491
81
177
406
142
982
611
341
334
775
666
274
224
689
907
38
168
28
539
485
737
316
605
284
799
77
59
514
776
194
1
557
712
99
553
308
899
297
663
579
847
729
644
260
31
315
504
517
230
730
869
559
588
928
614
675
598
73
658
134
288
890
967
923
753
934
353
544
384
861
889
49
158
278
979
549
433
872
364
844
551
896
777
993
322
33
242
671
107
955
714
35
383
97
687
173
503
411
105
471
615
460
368
502
4
958
144
633
676
833
756
480
722
439
155
735
299
390
586
351
507
456
665
164
98
602
721
289
181
417
591
643
270
138
446
763
56
574
57
595
802
420
508
381
945
894
532
40
703
26
600
475
556
19
995
193
312
1000
395
13
154
156
358
87
946
226
561
479
786
688
205
255
258
477
512
651
132
401
407
555
461
355
213
90
300
150
840
515
868
452
948
367
892
876
685
431
624
410
640
313
478
816
641
673
104
810
388
441
126
416
266
484
509
365
875
668
858
865
773
233
189
747
309
573
202
277
571
352
137
453
412
331
629
965
690
973
716
229
219
761
697
694
280
465
969
319
895
400
680
998
210
932
197
911
432
718
580
356
887
988
464
466
30
188
536
298
184
203
793
305
109
938
797
905
130
635
415
607
767
208
